**********************************************************************************************************************************************
Case 1
**********************************************************************************************************************************************

NUM_SAMPLES_1_AVG = 10
NUM_SAMPLES_2_AVG = 30
START_SAMPLE_2_AVG = 50
NPW_SAMPLE_BEFORE = 150
NPW_SAMPLE_AFTER = 350
NPW_THR = 1.5

Threshold breach indexes: [555] 

AA: [65.095, 65.094, 65.093, 65.092, 65.091, 65.09, 65.089, 65.088, 65.087, 65.086, 65.085, 65.084, 65.083, 65.082, 65.081, 65.08, 65.079, 65.078, 65.077, 65.076, 65.075, 65.074, 65.073, 65.072, 65.071, 65.07, 65.069, 65.068, 65.067, 65.066, 65.065, 65.064, 65.063, 65.062, 65.061, 65.06, 65.059, 65.058, 65.057, 65.056, 65.055, 65.054, 65.053, 65.052, 65.051, 65.05, 65.049, 65.048, 65.047, 65.046, 65.045, 65.044, 65.043, 65.042, 65.041, 65.04, 65.039, 65.038, 65.037, 65.036, 65.035, 65.034, 65.033, 65.032, 65.031, 65.03, 65.029, 65.028, 65.027, 65.026, 65.025, 65.024, 65.023, 65.022, 65.021, 65.02, 65.019, 65.018, 65.017, 65.016, 65.015, 65.014, 65.013, 65.012, 65.011, 65.01, 65.009, 65.008, 65.007, 65.006, 65.005, 65.004, 65.003, 65.002, 65.001, 65.0, 64.97, 64.94, 64.91, 64.88, 64.85, 64.82, 64.79, 64.76, 64.73, 64.7, 64.67, 64.64, 64.61, 64.58, 64.55, 64.52, 64.49, 64.46, 64.43, 64.4, 64.37, 64.34, 64.31, 64.28, 64.25, 64.22, 64.19, 64.16, 64.13, 64.1, 64.07, 64.04, 64.01, 63.98, 63.95, 63.92, 63.89, 63.86, 63.83, 63.8, 63.77, 63.74, 63.71, 63.68, 63.65, 63.62, 63.59, 63.56, 63.53, 63.5, 63.47, 63.44, 63.41, 63.38, 63.35, 63.32, 63.29, 63.26, 63.23, 63.2, 63.17, 63.14, 63.11, 63.08, 63.05, 63.02, 62.99, 62.96, 62.93, 62.9, 62.87, 62.84, 62.81, 62.78, 62.75, 62.72, 62.69, 62.66, 62.63, 62.6, 62.57, 62.54, 62.51, 62.48, 62.45, 62.42, 62.39, 62.36, 62.33, 62.3, 62.27, 62.24, 62.21, 62.18, 62.15, 62.12, 62.09, 62.06, 62.03, 62.0, 61.999, 61.998, 61.997, 61.996, 61.995, 61.994, 61.993, 61.992, 61.991, 61.99, 61.989, 61.988, 61.987, 61.986, 61.985, 61.984, 61.983, 61.982, 61.981, 61.98, 61.979, 61.978, 61.977, 61.976, 61.975, 61.974, 61.973, 61.972, 61.971, 61.97, 61.969, 61.968, 61.967, 61.966, 61.965, 61.964, 61.963, 61.962, 61.961, 61.96, 61.959, 61.958, 61.957, 61.956, 61.955, 61.954, 61.953, 61.952, 61.951, 61.95, 61.949, 61.948, 61.947, 61.946, 61.945, 61.944, 61.943, 61.942, 61.941, 61.94, 61.939, 61.938, 61.937, 61.936, 61.935, 61.934, 61.933, 61.932, 61.931, 61.93, 61.929, 61.928, 61.927, 61.926, 61.925, 61.924, 61.923, 61.922, 61.921, 61.92, 61.919, 61.918, 61.917, 61.916, 61.915, 61.914, 61.913, 61.912, 61.911, 61.91, 61.909, 61.908, 61.907, 61.906, 61.905, 61.904, 61.903, 61.902, 61.901, 61.9, 61.899, 61.898, 61.897, 61.896, 61.895, 61.894, 61.893, 61.892, 61.891, 61.89, 61.889, 61.888, 61.887, 61.886, 61.885, 61.884, 61.883, 61.882, 61.881, 61.88, 61.879, 61.878, 61.877, 61.876, 61.875, 61.874, 61.873, 61.872, 61.871, 61.87, 61.869, 61.868, 61.867, 61.866, 61.865, 61.864, 61.863, 61.862, 61.861, 61.86, 61.859, 61.858, 61.857, 61.856, 61.855, 61.854, 61.853, 61.852, 61.851, 61.85, 61.849, 61.848, 61.847, 61.846, 61.845, 61.844, 61.843, 61.842, 61.841, 61.84, 61.839, 61.838, 61.837, 61.836, 61.835, 61.834, 61.833, 61.832, 61.831, 61.83, 61.829, 61.828, 61.827, 61.826, 61.825, 61.824, 61.823, 61.822, 61.821, 61.82, 61.819, 61.818, 61.817, 61.816, 61.815, 61.814, 61.813, 61.812, 61.811, 61.81, 61.809, 61.808, 61.807, 61.806, 61.805, 61.804, 61.803, 61.802, 61.801, 61.8, 61.799, 61.798, 61.797, 61.796, 61.795, 61.794, 61.793, 61.792, 61.791, 61.79, 61.789, 61.788, 61.787, 61.786, 61.785, 61.784, 61.783, 61.782, 61.781, 61.78, 61.779, 61.778, 61.777, 61.776, 61.775, 61.774, 61.773, 61.772, 61.771, 61.77, 61.769, 61.768, 61.767, 61.766, 61.765, 61.764, 61.763, 61.762, 61.761, 61.76, 61.759, 61.758, 61.757, 61.756, 61.755, 61.754, 61.753, 61.752, 61.751, 61.75, 61.749, 61.748, 61.747, 61.746, 61.745, 61.744, 61.743, 61.742, 61.741, 61.74, 61.739, 61.738, 61.737, 61.736, 61.735, 61.734, 61.733, 61.732, 61.731, 61.73, 61.729, 61.728, 61.727, 61.726, 61.725, 61.724, 61.723, 61.722, 61.721, 61.72, 61.719, 61.718, 61.717, 61.716, 61.715, 61.714, 61.713, 61.712, 61.711, 61.71, 61.709, 61.708, 61.707, 61.706, 61.705, 61.704, 61.703, 61.702, 61.701, 61.7, 61.699, 61.698, 61.697, 61.696]
FU: 		[65.094, 65.093, 65.092, 65.091, 65.089, 65.088, 65.087, 65.086, 65.085, 65.084, 65.083, 65.083, 65.082, 65.081, 65.08, 65.079, 65.078, 65.077, 65.075, 65.074, 65.073, 65.072, 65.071, 65.07, 65.069, 65.069, 65.068, 65.067, 65.066, 65.065, 65.064, 65.063, 65.061, 65.06, 65.059, 65.058, 65.057, 65.056, 65.055, 65.055, 65.054, 65.053, 65.052, 65.051, 65.05, 65.049, 65.047, 65.046, 65.045, 65.044, 65.043, 65.042, 65.041, 65.041, 65.04, 65.039, 65.038, 65.037, 65.036, 65.035, 65.033, 65.032, 65.031, 65.03, 65.029, 65.028, 65.027, 65.027, 65.026, 65.025, 65.024, 65.023, 65.022, 65.021, 65.019, 65.018, 65.017, 65.016, 65.015, 65.014, 65.013, 65.013, 65.012, 65.011, 65.01, 65.009, 65.008, 65.007, 65.005, 65.004, 65.003, 65.002, 65.001, 65.0, 65.0, 64.97, 64.94, 64.91, 64.879, 64.849, 64.819, 64.79, 64.76, 64.73, 64.699, 64.669, 64.639, 64.61, 64.58, 64.55, 64.519, 64.489, 64.459, 64.43, 64.4, 64.37, 64.339, 64.309, 64.279, 64.25, 64.22, 64.19, 64.16, 64.129, 64.099, 64.069, 64.04, 64.01, 63.979, 63.95, 63.919, 63.889, 63.86, 63.83, 63.799, 63.77, 63.74, 63.709, 63.68, 63.65, 63.619, 63.59, 63.56, 63.529, 63.5, 63.47, 63.439, 63.409, 63.38, 63.349, 63.319, 63.29, 63.259, 63.229, 63.2, 63.169, 63.139, 63.11, 63.08, 63.049, 63.02, 62.99, 62.959, 62.93, 62.9, 62.869, 62.84, 62.81, 62.779, 62.75, 62.72, 62.689, 62.659, 62.63, 62.599, 62.569, 62.54, 62.509, 62.479, 62.45, 62.419, 62.389, 62.36, 62.33, 62.299, 62.27, 62.24, 62.209, 62.18, 62.15, 62.119, 62.09, 62.06, 62.029, 62.0, 61.999, 61.998, 61.997, 61.995, 61.994, 61.993, 61.993, 61.992, 61.991, 61.99, 61.988, 61.987, 61.986, 61.986, 61.985, 61.984, 61.983, 61.981, 61.98, 61.979, 61.979, 61.978, 61.977, 61.976, 61.974, 61.973, 61.972, 61.972, 61.971, 61.97, 61.969, 61.967, 61.966, 61.965, 61.965, 61.964, 61.963, 61.962, 61.96, 61.959, 61.958, 61.958, 61.957, 61.956, 61.955, 61.953, 61.952, 61.951, 61.951, 61.95, 61.949, 61.948, 61.946, 61.945, 61.944, 61.944, 61.943, 61.942, 61.941, 61.939, 61.938, 61.937, 61.937, 61.936, 61.935, 61.933, 61.932, 61.931, 61.93, 61.93, 61.929, 61.928, 61.926, 61.925, 61.924, 61.923, 61.923, 61.922, 61.921, 61.919, 61.918, 61.917, 61.916, 61.916, 61.915, 61.914, 61.912, 61.911, 61.91, 61.909, 61.909, 61.908, 61.907, 61.905, 61.904, 61.903, 61.902, 61.902, 61.901, 61.9, 61.898, 61.897, 61.896, 61.895, 61.895, 61.894, 61.893, 61.891, 61.89, 61.889, 61.888, 61.888, 61.887, 61.886, 61.884, 61.883, 61.882, 61.881, 61.881, 61.88, 61.879, 61.877, 61.876, 61.875, 61.875, 61.874, 61.873, 61.872, 61.87, 61.869, 61.868, 61.868, 61.867, 61.866, 61.865, 61.863, 61.862, 61.861, 61.861, 61.86, 61.859, 61.858, 61.856, 61.855, 61.854, 61.854, 61.853, 61.852, 61.851, 61.849, 61.848, 61.847, 61.847, 61.846, 61.845, 61.844, 61.842, 61.841, 61.84, 61.84, 61.839, 61.838, 61.837, 61.835, 61.834, 61.833, 61.833, 61.832, 61.831, 61.83, 61.828, 61.827, 61.826, 61.826, 61.825, 61.824, 61.823, 61.821, 61.82, 61.819, 61.819, 61.818, 61.817, 61.816, 61.814, 61.813, 61.812, 61.812, 61.811, 61.81, 61.808, 61.807, 61.806, 61.805, 61.805, 61.804, 61.803, 61.801, 61.8, 61.799, 61.798, 61.798, 61.797, 61.796, 61.794, 61.793, 61.792, 61.791, 61.791, 61.79, 61.789, 61.787, 61.786, 61.785, 61.784, 61.784, 61.783, 61.782, 61.78, 61.779, 61.778, 61.777, 61.777, 61.776, 61.775, 61.773, 61.772, 61.771, 61.77, 61.77, 61.769, 61.768, 61.766, 61.765, 61.764, 61.763, 61.763, 61.762, 61.761, 61.759, 61.758, 61.757, 61.756, 61.756, 61.755, 61.754, 61.752, 61.751, 61.75, 61.75, 61.749, 61.748, 61.747, 61.745, 61.744, 61.743, 61.743, 61.742, 61.741, 61.74, 61.738, 61.737, 61.736, 61.736, 61.735, 61.734, 61.733, 61.731, 61.73, 61.729, 61.729, 61.728, 61.727, 61.726, 61.724, 61.723, 61.722, 61.722, 61.721, 61.72, 61.719, 61.717, 61.716, 61.715, 61.715, 61.714, 61.713, 61.712, 61.71, 61.709, 61.708, 61.708, 61.707, 61.706, 61.705, 61.703, 61.702, 61.701, 61.701, 61.7, 61.699, 61.698, 61.696, 61.695, 61.694]

**********************************************************************************************************************************************
Case 2
**********************************************************************************************************************************************

NUM_SAMPLES_1_AVG = 10
NUM_SAMPLES_2_AVG = 20
START_SAMPLE_2_AVG = 80
NPW_SAMPLE_BEFORE = 150
NPW_SAMPLE_AFTER = 350
NPW_THR = 1.5

Threshold breach indexes: [554, 1077] 

AA: [65.096, 65.095, 65.094, 65.093, 65.092, 65.091, 65.09, 65.089, 65.088, 65.087, 65.086, 65.085, 65.084, 65.083, 65.082, 65.081, 65.08, 65.079, 65.078, 65.077, 65.076, 65.075, 65.074, 65.073, 65.072, 65.071, 65.07, 65.069, 65.068, 65.067, 65.066, 65.065, 65.064, 65.063, 65.062, 65.061, 65.06, 65.059, 65.058, 65.057, 65.056, 65.055, 65.054, 65.053, 65.052, 65.051, 65.05, 65.049, 65.048, 65.047, 65.046, 65.045, 65.044, 65.043, 65.042, 65.041, 65.04, 65.039, 65.038, 65.037, 65.036, 65.035, 65.034, 65.033, 65.032, 65.031, 65.03, 65.029, 65.028, 65.027, 65.026, 65.025, 65.024, 65.023, 65.022, 65.021, 65.02, 65.019, 65.018, 65.017, 65.016, 65.015, 65.014, 65.013, 65.012, 65.011, 65.01, 65.009, 65.008, 65.007, 65.006, 65.005, 65.004, 65.003, 65.002, 65.001, 65.0, 64.97, 64.94, 64.91, 64.88, 64.85, 64.82, 64.79, 64.76, 64.73, 64.7, 64.67, 64.64, 64.61, 64.58, 64.55, 64.52, 64.49, 64.46, 64.43, 64.4, 64.37, 64.34, 64.31, 64.28, 64.25, 64.22, 64.19, 64.16, 64.13, 64.1, 64.07, 64.04, 64.01, 63.98, 63.95, 63.92, 63.89, 63.86, 63.83, 63.8, 63.77, 63.74, 63.71, 63.68, 63.65, 63.62, 63.59, 63.56, 63.53, 63.5, 63.47, 63.44, 63.41, 63.38, 63.35, 63.32, 63.29, 63.26, 63.23, 63.2, 63.17, 63.14, 63.11, 63.08, 63.05, 63.02, 62.99, 62.96, 62.93, 62.9, 62.87, 62.84, 62.81, 62.78, 62.75, 62.72, 62.69, 62.66, 62.63, 62.6, 62.57, 62.54, 62.51, 62.48, 62.45, 62.42, 62.39, 62.36, 62.33, 62.3, 62.27, 62.24, 62.21, 62.18, 62.15, 62.12, 62.09, 62.06, 62.03, 62.0, 61.999, 61.998, 61.997, 61.996, 61.995, 61.994, 61.993, 61.992, 61.991, 61.99, 61.989, 61.988, 61.987, 61.986, 61.985, 61.984, 61.983, 61.982, 61.981, 61.98, 61.979, 61.978, 61.977, 61.976, 61.975, 61.974, 61.973, 61.972, 61.971, 61.97, 61.969, 61.968, 61.967, 61.966, 61.965, 61.964, 61.963, 61.962, 61.961, 61.96, 61.959, 61.958, 61.957, 61.956, 61.955, 61.954, 61.953, 61.952, 61.951, 61.95, 61.949, 61.948, 61.947, 61.946, 61.945, 61.944, 61.943, 61.942, 61.941, 61.94, 61.939, 61.938, 61.937, 61.936, 61.935, 61.934, 61.933, 61.932, 61.931, 61.93, 61.929, 61.928, 61.927, 61.926, 61.925, 61.924, 61.923, 61.922, 61.921, 61.92, 61.919, 61.918, 61.917, 61.916, 61.915, 61.914, 61.913, 61.912, 61.911, 61.91, 61.909, 61.908, 61.907, 61.906, 61.905, 61.904, 61.903, 61.902, 61.901, 61.9, 61.899, 61.898, 61.897, 61.896, 61.895, 61.894, 61.893, 61.892, 61.891, 61.89, 61.889, 61.888, 61.887, 61.886, 61.885, 61.884, 61.883, 61.882, 61.881, 61.88, 61.879, 61.878, 61.877, 61.876, 61.875, 61.874, 61.873, 61.872, 61.871, 61.87, 61.869, 61.868, 61.867, 61.866, 61.865, 61.864, 61.863, 61.862, 61.861, 61.86, 61.859, 61.858, 61.857, 61.856, 61.855, 61.854, 61.853, 61.852, 61.851, 61.85, 61.849, 61.848, 61.847, 61.846, 61.845, 61.844, 61.843, 61.842, 61.841, 61.84, 61.839, 61.838, 61.837, 61.836, 61.835, 61.834, 61.833, 61.832, 61.831, 61.83, 61.829, 61.828, 61.827, 61.826, 61.825, 61.824, 61.823, 61.822, 61.821, 61.82, 61.819, 61.818, 61.817, 61.816, 61.815, 61.814, 61.813, 61.812, 61.811, 61.81, 61.809, 61.808, 61.807, 61.806, 61.805, 61.804, 61.803, 61.802, 61.801, 61.8, 61.799, 61.798, 61.797, 61.796, 61.795, 61.794, 61.793, 61.792, 61.791, 61.79, 61.789, 61.788, 61.787, 61.786, 61.785, 61.784, 61.783, 61.782, 61.781, 61.78, 61.779, 61.778, 61.777, 61.776, 61.775, 61.774, 61.773, 61.772, 61.771, 61.77, 61.769, 61.768, 61.767, 61.766, 61.765, 61.764, 61.763, 61.762, 61.761, 61.76, 61.759, 61.758, 61.757, 61.756, 61.755, 61.754, 61.753, 61.752, 61.751, 61.75, 61.749, 61.748, 61.747, 61.746, 61.745, 61.744, 61.743, 61.742, 61.741, 61.74, 61.739, 61.738, 61.737, 61.736, 61.735, 61.734, 61.733, 61.732, 61.731, 61.73, 61.729, 61.728, 61.727, 61.726, 61.725, 61.724, 61.723, 61.722, 61.721, 61.72, 61.719, 61.718, 61.717, 61.716, 61.715, 61.714, 61.713, 61.712, 61.711, 61.71, 61.709, 61.708, 61.707, 61.706, 61.705, 61.704, 61.703, 61.702, 61.701, 61.7, 61.699, 61.698, 61.697]
FU: [65.083, 65.083, 65.082, 65.081, 65.08, 65.079, 65.078, 65.077, 65.075, 65.074, 65.073, 65.072, 65.071, 65.07, 65.069, 65.069, 65.068, 65.067, 65.066, 65.065, 65.064, 65.063, 65.061, 65.06, 65.059, 65.058, 65.057, 65.056, 65.055, 65.055, 65.054, 65.053, 65.052, 65.051, 65.05, 65.049, 65.047, 65.046, 65.045, 65.044, 65.043, 65.042, 65.041, 65.041, 65.04, 65.039, 65.038, 65.037, 65.036, 65.035, 65.033, 65.032, 65.031, 65.03, 65.029, 65.028, 65.027, 65.027, 65.026, 65.025, 65.024, 65.023, 65.022, 65.021, 65.019, 65.018, 65.017, 65.016, 65.015, 65.014, 65.013, 65.013, 65.012, 65.011, 65.01, 65.009, 65.008, 65.007, 65.005, 65.004, 65.003, 65.002, 65.001, 65.0, 65.0, 64.97, 64.94, 64.91, 64.879, 64.849, 64.819, 64.79, 64.76, 64.73, 64.699, 64.669, 64.639, 64.61, 64.58, 64.55, 64.519, 64.489, 64.459, 64.43, 64.4, 64.37, 64.339, 64.309, 64.279, 64.25, 64.22, 64.19, 64.16, 64.129, 64.099, 64.069, 64.04, 64.01, 63.979, 63.95, 63.919, 63.889, 63.86, 63.83, 63.799, 63.77, 63.74, 63.709, 63.68, 63.65, 63.619, 63.59, 63.56, 63.529, 63.5, 63.47, 63.439, 63.409, 63.38, 63.349, 63.319, 63.29, 63.259, 63.229, 63.2, 63.169, 63.139, 63.11, 63.08, 63.049, 63.02, 62.99, 62.959, 62.93, 62.9, 62.869, 62.84, 62.81, 62.779, 62.75, 62.72, 62.689, 62.659, 62.63, 62.599, 62.569, 62.54, 62.509, 62.479, 62.45, 62.419, 62.389, 62.36, 62.33, 62.299, 62.27, 62.24, 62.209, 62.18, 62.15, 62.119, 62.09, 62.06, 62.029, 62.0, 61.999, 61.998, 61.997, 61.995, 61.994, 61.993, 61.993, 61.992, 61.991, 61.99, 61.988, 61.987, 61.986, 61.986, 61.985, 61.984, 61.983, 61.981, 61.98, 61.979, 61.979, 61.978, 61.977, 61.976, 61.974, 61.973, 61.972, 61.972, 61.971, 61.97, 61.969, 61.967, 61.966, 61.965, 61.965, 61.964, 61.963, 61.962, 61.96, 61.959, 61.958, 61.958, 61.957, 61.956, 61.955, 61.953, 61.952, 61.951, 61.951, 61.95, 61.949, 61.948, 61.946, 61.945, 61.944, 61.944, 61.943, 61.942, 61.941, 61.939, 61.938, 61.937, 61.937, 61.936, 61.935, 61.933, 61.932, 61.931, 61.93, 61.93, 61.929, 61.928, 61.926, 61.925, 61.924, 61.923, 61.923, 61.922, 61.921, 61.919, 61.918, 61.917, 61.916, 61.916, 61.915, 61.914, 61.912, 61.911, 61.91, 61.909, 61.909, 61.908, 61.907, 61.905, 61.904, 61.903, 61.902, 61.902, 61.901, 61.9, 61.898, 61.897, 61.896, 61.895, 61.895, 61.894, 61.893, 61.891, 61.89, 61.889, 61.888, 61.888, 61.887, 61.886, 61.884, 61.883, 61.882, 61.881, 61.881, 61.88, 61.879, 61.877, 61.876, 61.875, 61.875, 61.874, 61.873, 61.872, 61.87, 61.869, 61.868, 61.868, 61.867, 61.866, 61.865, 61.863, 61.862, 61.861, 61.861, 61.86, 61.859, 61.858, 61.856, 61.855, 61.854, 61.854, 61.853, 61.852, 61.851, 61.849, 61.848, 61.847, 61.847, 61.846, 61.845, 61.844, 61.842, 61.841, 61.84, 61.84, 61.839, 61.838, 61.837, 61.835, 61.834, 61.833, 61.833, 61.832, 61.831, 61.83, 61.828, 61.827, 61.826, 61.826, 61.825, 61.824, 61.823, 61.821, 61.82, 61.819, 61.819, 61.818, 61.817, 61.816, 61.814, 61.813, 61.812, 61.812, 61.811, 61.81, 61.808, 61.807, 61.806, 61.805, 61.805, 61.804, 61.803, 61.801, 61.8, 61.799, 61.798, 61.798, 61.797, 61.796, 61.794, 61.793, 61.792, 61.791, 61.791, 61.79, 61.789, 61.787, 61.786, 61.785, 61.784, 61.784, 61.783, 61.782, 61.78, 61.779, 61.778, 61.777, 61.777, 61.776, 61.775, 61.773, 61.772, 61.771, 61.77, 61.77, 61.769, 61.768, 61.766, 61.765, 61.764, 61.763, 61.763, 61.762, 61.761, 61.759, 61.758, 61.757, 61.756, 61.756, 61.755, 61.754, 61.752, 61.751, 61.75, 61.75, 61.749, 61.748, 61.747, 61.745, 61.744, 61.743, 61.743, 61.742, 61.741, 61.74, 61.738, 61.737, 61.736, 61.736, 61.735, 61.734, 61.733, 61.731, 61.73, 61.729, 61.729, 61.728, 61.727, 61.726, 61.724, 61.723, 61.722, 61.722, 61.721, 61.72, 61.719, 61.717, 61.716, 61.715, 61.715, 61.714, 61.713, 61.712, 61.71, 61.709, 61.708, 61.708, 61.707, 61.706, 61.705, 61.703, 61.702, 61.701, 61.701, 61.7, 61.699, 61.698, 61.696, 61.695, 61.694, 61.694, 61.693, 61.692, 61.691, 61.689, 61.688, 61.687, 61.687, 61.686, 61.685]

AA: [61.673, 61.672, 61.671, 61.67, 61.669, 61.668, 61.667, 61.666, 61.665, 61.664, 61.663, 61.662, 61.661, 61.66, 61.659, 61.658, 61.657, 61.656, 61.655, 61.654, 61.653, 61.652, 61.651, 61.65, 61.649, 61.648, 61.647, 61.646, 61.645, 61.644, 61.643, 61.642, 61.641, 61.64, 61.639, 61.638, 61.637, 61.636, 61.635, 61.634, 61.633, 61.632, 61.631, 61.63, 61.629, 61.628, 61.627, 61.626, 61.625, 61.624, 61.623, 61.622, 61.621, 61.62, 61.619, 61.618, 61.617, 61.616, 61.615, 61.614, 61.613, 61.612, 61.611, 61.61, 61.609, 61.608, 61.607, 61.606, 61.605, 61.604, 61.603, 61.602, 61.582, 61.562, 61.542, 61.522, 61.502, 61.482, 61.462, 61.442, 61.422, 61.402, 61.382, 61.362, 61.342, 61.322, 61.302, 61.282, 61.262, 61.242, 61.222, 61.202, 61.182, 61.162, 61.142, 61.122, 61.102, 61.082, 61.062, 61.042, 61.022, 61.002, 60.982, 60.962, 60.942, 60.922, 60.902, 60.882, 60.862, 60.842, 60.822, 60.802, 60.782, 60.762, 60.742, 60.722, 60.702, 60.682, 60.662, 60.642, 60.622, 60.602, 60.582, 60.562, 60.542, 60.522, 60.502, 60.482, 60.462, 60.442, 60.422, 60.402, 60.382, 60.362, 60.342, 60.322, 60.302, 60.282, 60.262, 60.242, 60.222, 60.202, 60.182, 60.162, 60.142, 60.122, 60.102, 60.082, 60.062, 60.042, 60.022, 60.002, 59.982, 59.962, 59.942, 59.922, 59.902, 59.882, 59.862, 59.842, 59.822, 59.802, 59.782, 59.762, 59.742, 59.722, 59.702, 59.682, 59.662, 59.642, 59.622, 59.602, 59.582, 59.581, 59.58, 59.579, 59.578, 59.577, 59.576, 59.575, 59.574, 59.573, 59.572, 59.571, 59.57, 59.569, 59.568, 59.567, 59.566, 59.565, 59.564, 59.563, 59.562, 59.561, 59.56, 59.559, 59.558, 59.557, 59.556, 59.555, 59.554, 59.553, 59.552, 59.551, 59.55, 59.549, 59.548, 59.547, 59.546, 59.545, 59.544, 59.543, 59.542, 59.541, 59.54, 59.539, 59.538, 59.537, 59.536, 59.535, 59.534, 59.533, 59.532, 59.531, 59.53, 59.529, 59.528, 59.527, 59.526, 59.525, 59.524, 59.523, 59.522, 59.521, 59.52, 59.519, 59.518, 59.517, 59.516, 59.515, 59.514, 59.513, 59.512, 59.511, 59.51, 59.509, 59.508, 59.507, 59.506, 59.505, 59.504, 59.503, 59.502, 59.501, 59.5, 59.499, 59.498, 59.497, 59.496, 59.495, 59.494, 59.493, 59.492, 59.491, 59.49, 59.489, 59.488, 59.487, 59.486, 59.485, 59.484, 59.483, 59.468, 59.453, 59.438, 59.423, 59.408, 59.393, 59.378, 59.363, 59.348, 59.333, 59.318, 59.303, 59.288, 59.273, 59.258, 59.243, 59.228, 59.213, 59.198, 59.183, 59.168, 59.153, 59.138, 59.123, 59.108, 59.093, 59.078, 59.063, 59.048, 59.033, 59.018, 59.003, 58.988, 58.973, 58.958, 58.943, 58.928, 58.913, 58.898, 58.883, 58.868, 58.853, 58.838, 58.823, 58.808, 58.793, 58.778, 58.763, 58.748, 58.733, 58.718, 58.703, 58.688, 58.673, 58.658, 58.643, 58.628, 58.613, 58.598, 58.583, 58.568, 58.553, 58.538, 58.523, 58.508, 58.493, 58.478, 58.463, 58.448, 58.433, 58.418, 58.403, 58.388, 58.373, 58.358, 58.343, 58.328, 58.313, 58.298, 58.283, 58.268, 58.253, 58.238, 58.223, 58.208, 58.193, 58.178, 58.163, 58.148, 58.133, 58.118, 58.103, 58.088, 58.073, 58.058, 58.043, 58.028, 58.013, 57.998, 57.983, 57.968, 57.967, 57.966, 57.965, 57.964, 57.963, 57.962, 57.961, 57.96, 57.959, 57.958, 57.957, 57.956, 57.955, 57.954, 57.953, 57.952, 57.951, 57.95, 57.949, 57.948, 57.947, 57.946, 57.945, 57.944, 57.943, 57.942, 57.941, 57.94, 57.939, 57.938, 57.937, 57.936, 57.935, 57.934, 57.933, 57.932, 57.931, 57.93, 57.929, 57.928, 57.927, 57.926, 57.925, 57.924, 57.923, 57.922, 57.921, 57.92, 57.919, 57.918, 57.917, 57.916, 57.915, 57.914, 57.913, 57.912, 57.911, 57.91, 57.909, 57.908, 57.907, 57.906, 57.905, 57.904, 57.903, 57.902, 57.901, 57.9, 57.899, 57.898, 57.897, 57.896, 57.895, 57.894, 57.893, 57.892, 57.891, 57.89, 57.889, 57.888, 57.887, 57.886, 57.885, 57.884, 57.883, 57.882, 57.881, 57.88, 57.879, 57.878, 57.877, 57.876, 57.875, 57.874, 57.873, 57.872, 57.871, 57.87, 57.869, 57.868, 57.867, 57.866, 57.865, 57.864, 57.863, 57.862, 57.861, 57.86, 57.859, 57.858, 57.857, 57.856, 57.855, 57.854, 57.853, 57.852, 57.851, 57.85, 57.849, 57.848, 57.847, 57.846, 57.845, 57.844, 57.843, 57.842, 57.841]
FU: [57.415, 57.414, 57.412, 57.411, 57.41, 57.409, 57.409, 57.408, 57.407, 57.405, 57.404, 57.403, 57.402, 57.402, 57.401, 57.4, 57.398, 57.397, 57.396, 57.395, 57.395, 57.394, 57.393, 57.391, 57.39, 57.389, 57.388, 57.388, 57.387, 57.386, 57.384, 57.383, 57.382, 57.381, 57.381, 57.38, 57.379, 57.377, 57.376, 57.375, 57.375, 57.374, 57.373, 57.372, 57.37, 57.369, 57.368, 57.368, 57.367, 57.366, 57.365, 57.363, 57.362, 57.361, 57.361, 57.36, 57.359, 57.358, 57.356, 57.355, 57.354, 57.354, 57.353, 57.352, 57.351, 57.349, 57.348, 57.347, 57.347, 57.346, 57.345, 57.344, 57.342, 57.341, 57.34, 57.34, 57.339, 57.338, 57.337, 57.335, 57.334, 57.333, 57.333, 57.332, 57.331, 57.33, 57.328, 57.327, 57.326, 57.326, 57.325, 57.324, 57.323, 57.321, 57.32, 57.319, 57.319, 57.318, 57.317, 57.316, 57.314, 57.313, 57.312, 57.312, 57.311, 57.31, 57.308, 57.307, 57.306, 57.305, 57.305, 57.304, 57.303, 57.301, 57.3, 57.299, 57.298, 57.298, 57.297, 57.296, 57.294, 57.293, 57.292, 57.291, 57.291, 57.29, 57.289, 57.287, 57.286, 57.285, 57.284, 57.284, 57.283, 57.282, 57.28, 57.279, 57.278, 57.277, 57.277, 57.276, 57.275, 57.273, 57.272, 57.271, 57.27, 57.27, 57.269, 57.268, 65.5, 65.499, 65.498, 65.497, 65.496, 65.495, 65.494, 65.492, 65.491, 65.49, 65.489, 65.488, 65.487, 65.486, 65.486, 65.485, 65.484, 65.483, 65.482, 65.481, 65.48, 65.478, 65.477, 65.476, 65.475, 65.474, 65.473, 65.472, 65.472, 65.471, 65.47, 65.469, 65.468, 65.467, 65.466, 65.464, 65.463, 65.462, 65.461, 65.46, 65.459, 65.458, 65.458, 65.457, 65.456, 65.455, 65.454, 65.453, 65.452, 65.45, 65.449, 65.448, 65.447, 65.446, 65.445, 65.444, 65.444, 65.443, 65.442, 65.441, 65.44, 65.439, 65.438, 65.436, 65.435, 65.434, 65.433, 65.432, 65.431, 65.43, 65.43, 65.429, 65.428, 65.427, 65.426, 65.425, 65.424, 65.422, 65.421, 65.42, 65.419, 65.418, 65.417, 65.416, 65.416, 65.415, 65.414, 65.413, 65.412, 65.411, 65.41, 65.408, 65.407, 65.406, 65.405, 65.404, 65.403, 65.402, 65.402, 65.401, 65.4, 65.399, 65.398, 65.397, 65.396, 65.394, 65.393, 65.392, 65.391, 65.39, 65.389, 65.388, 65.388, 65.387, 65.386, 65.385, 65.384, 65.383, 65.382, 65.38, 65.379, 65.378, 65.377, 65.376, 65.375, 65.375, 65.374, 65.373, 65.372, 65.371, 65.37, 65.369, 65.367, 65.366, 65.365, 65.364, 65.363, 65.362, 65.361, 65.361, 65.36, 65.359, 65.358, 65.357, 65.356, 65.355, 65.353, 65.352, 65.351, 65.35, 65.349, 65.348, 65.347, 65.347, 65.346, 65.345, 65.344, 65.343, 65.342, 65.341, 65.339, 65.338, 65.337, 65.336, 65.335, 65.334, 65.333, 65.333, 65.332, 65.331, 65.33, 65.329, 65.328, 65.327, 65.325, 65.324, 65.323, 65.322, 65.321, 65.32, 65.319, 65.319, 65.318, 65.317, 65.316, 65.315, 65.314, 65.313, 65.311, 65.31, 65.309, 65.308, 65.307, 65.306, 65.305, 65.305, 65.304, 65.303, 65.302, 65.301, 65.3, 65.299, 65.297, 65.296, 65.295, 65.294, 65.293, 65.292, 65.291, 65.291, 65.29, 65.289, 65.288, 65.287, 65.286, 65.285, 65.283, 65.282, 65.281, 65.28, 65.279, 65.278, 65.277, 65.277, 65.276, 65.275, 65.274, 65.273, 65.272, 65.271, 65.269, 65.268, 65.267, 65.266, 65.265, 65.264, 65.263, 65.263, 65.262, 65.261, 65.26, 65.259, 65.258, 65.257, 65.255, 65.254, 65.253, 65.252, 65.251, 65.25, 65.25, 65.249, 65.248, 65.247, 65.246, 65.245, 65.244, 65.242, 65.241, 65.24, 65.239, 65.238, 65.237, 65.236, 65.236, 65.235, 65.234, 65.233, 65.232, 65.231, 65.23, 65.228, 65.227, 65.226, 65.225, 65.224, 65.223, 65.222, 65.222, 65.221, 65.22, 65.219, 65.218, 65.217, 65.216, 65.214, 65.213, 65.212, 65.211, 65.21, 65.209, 65.208, 65.208, 65.207, 65.206, 65.205, 65.204, 65.203, 65.202, 65.2, 65.199, 65.198, 65.197, 65.196, 65.195, 65.194, 65.194, 65.193, 65.192, 65.191, 65.19, 65.189, 65.188, 65.186, 65.185, 65.184, 65.183, 65.182, 65.181, 65.18, 65.18, 65.179, 65.178, 65.177, 65.176, 65.175, 65.174, 65.172, 65.171, 65.17, 65.169, 65.168, 65.167, 65.166, 65.166, 65.165, 65.164, 65.163, 65.162, 65.161, 65.16, 65.158, 65.157, 65.156, 65.155, 65.154, 65.153, 65.152, 65.152, 65.151, 65.15, 65.149]

**********************************************************************************************************************************************
Case 3
**********************************************************************************************************************************************

NUM_SAMPLES_1_AVG = 20
NUM_SAMPLES_2_AVG = 10
START_SAMPLE_2_AVG = 150
NPW_SAMPLE_BEFORE = 150
NPW_SAMPLE_AFTER = 350
NPW_THR = 1.5

Threshold breach indexes: [557, 1079, 1306] 

AA: [65.093, 65.092, 65.091, 65.09, 65.089, 65.088, 65.087, 65.086, 65.085, 65.084, 65.083, 65.082, 65.081, 65.08, 65.079, 65.078, 65.077, 65.076, 65.075, 65.074, 65.073, 65.072, 65.071, 65.07, 65.069, 65.068, 65.067, 65.066, 65.065, 65.064, 65.063, 65.062, 65.061, 65.06, 65.059, 65.058, 65.057, 65.056, 65.055, 65.054, 65.053, 65.052, 65.051, 65.05, 65.049, 65.048, 65.047, 65.046, 65.045, 65.044, 65.043, 65.042, 65.041, 65.04, 65.039, 65.038, 65.037, 65.036, 65.035, 65.034, 65.033, 65.032, 65.031, 65.03, 65.029, 65.028, 65.027, 65.026, 65.025, 65.024, 65.023, 65.022, 65.021, 65.02, 65.019, 65.018, 65.017, 65.016, 65.015, 65.014, 65.013, 65.012, 65.011, 65.01, 65.009, 65.008, 65.007, 65.006, 65.005, 65.004, 65.003, 65.002, 65.001, 65.0, 64.97, 64.94, 64.91, 64.88, 64.85, 64.82, 64.79, 64.76, 64.73, 64.7, 64.67, 64.64, 64.61, 64.58, 64.55, 64.52, 64.49, 64.46, 64.43, 64.4, 64.37, 64.34, 64.31, 64.28, 64.25, 64.22, 64.19, 64.16, 64.13, 64.1, 64.07, 64.04, 64.01, 63.98, 63.95, 63.92, 63.89, 63.86, 63.83, 63.8, 63.77, 63.74, 63.71, 63.68, 63.65, 63.62, 63.59, 63.56, 63.53, 63.5, 63.47, 63.44, 63.41, 63.38, 63.35, 63.32, 63.29, 63.26, 63.23, 63.2, 63.17, 63.14, 63.11, 63.08, 63.05, 63.02, 62.99, 62.96, 62.93, 62.9, 62.87, 62.84, 62.81, 62.78, 62.75, 62.72, 62.69, 62.66, 62.63, 62.6, 62.57, 62.54, 62.51, 62.48, 62.45, 62.42, 62.39, 62.36, 62.33, 62.3, 62.27, 62.24, 62.21, 62.18, 62.15, 62.12, 62.09, 62.06, 62.03, 62.0, 61.999, 61.998, 61.997, 61.996, 61.995, 61.994, 61.993, 61.992, 61.991, 61.99, 61.989, 61.988, 61.987, 61.986, 61.985, 61.984, 61.983, 61.982, 61.981, 61.98, 61.979, 61.978, 61.977, 61.976, 61.975, 61.974, 61.973, 61.972, 61.971, 61.97, 61.969, 61.968, 61.967, 61.966, 61.965, 61.964, 61.963, 61.962, 61.961, 61.96, 61.959, 61.958, 61.957, 61.956, 61.955, 61.954, 61.953, 61.952, 61.951, 61.95, 61.949, 61.948, 61.947, 61.946, 61.945, 61.944, 61.943, 61.942, 61.941, 61.94, 61.939, 61.938, 61.937, 61.936, 61.935, 61.934, 61.933, 61.932, 61.931, 61.93, 61.929, 61.928, 61.927, 61.926, 61.925, 61.924, 61.923, 61.922, 61.921, 61.92, 61.919, 61.918, 61.917, 61.916, 61.915, 61.914, 61.913, 61.912, 61.911, 61.91, 61.909, 61.908, 61.907, 61.906, 61.905, 61.904, 61.903, 61.902, 61.901, 61.9, 61.899, 61.898, 61.897, 61.896, 61.895, 61.894, 61.893, 61.892, 61.891, 61.89, 61.889, 61.888, 61.887, 61.886, 61.885, 61.884, 61.883, 61.882, 61.881, 61.88, 61.879, 61.878, 61.877, 61.876, 61.875, 61.874, 61.873, 61.872, 61.871, 61.87, 61.869, 61.868, 61.867, 61.866, 61.865, 61.864, 61.863, 61.862, 61.861, 61.86, 61.859, 61.858, 61.857, 61.856, 61.855, 61.854, 61.853, 61.852, 61.851, 61.85, 61.849, 61.848, 61.847, 61.846, 61.845, 61.844, 61.843, 61.842, 61.841, 61.84, 61.839, 61.838, 61.837, 61.836, 61.835, 61.834, 61.833, 61.832, 61.831, 61.83, 61.829, 61.828, 61.827, 61.826, 61.825, 61.824, 61.823, 61.822, 61.821, 61.82, 61.819, 61.818, 61.817, 61.816, 61.815, 61.814, 61.813, 61.812, 61.811, 61.81, 61.809, 61.808, 61.807, 61.806, 61.805, 61.804, 61.803, 61.802, 61.801, 61.8, 61.799, 61.798, 61.797, 61.796, 61.795, 61.794, 61.793, 61.792, 61.791, 61.79, 61.789, 61.788, 61.787, 61.786, 61.785, 61.784, 61.783, 61.782, 61.781, 61.78, 61.779, 61.778, 61.777, 61.776, 61.775, 61.774, 61.773, 61.772, 61.771, 61.77, 61.769, 61.768, 61.767, 61.766, 61.765, 61.764, 61.763, 61.762, 61.761, 61.76, 61.759, 61.758, 61.757, 61.756, 61.755, 61.754, 61.753, 61.752, 61.751, 61.75, 61.749, 61.748, 61.747, 61.746, 61.745, 61.744, 61.743, 61.742, 61.741, 61.74, 61.739, 61.738, 61.737, 61.736, 61.735, 61.734, 61.733, 61.732, 61.731, 61.73, 61.729, 61.728, 61.727, 61.726, 61.725, 61.724, 61.723, 61.722, 61.721, 61.72, 61.719, 61.718, 61.717, 61.716, 61.715, 61.714, 61.713, 61.712, 61.711, 61.71, 61.709, 61.708, 61.707, 61.706, 61.705, 61.704, 61.703, 61.702, 61.701, 61.7, 61.699, 61.698, 61.697, 61.696, 61.695, 61.694]
FU: [65.08, 65.079, 65.078, 65.077, 65.075, 65.074, 65.073, 65.072, 65.071, 65.07, 65.069, 65.069, 65.068, 65.067, 65.066, 65.065, 65.064, 65.063, 65.061, 65.06, 65.059, 65.058, 65.057, 65.056, 65.055, 65.055, 65.054, 65.053, 65.052, 65.051, 65.05, 65.049, 65.047, 65.046, 65.045, 65.044, 65.043, 65.042, 65.041, 65.041, 65.04, 65.039, 65.038, 65.037, 65.036, 65.035, 65.033, 65.032, 65.031, 65.03, 65.029, 65.028, 65.027, 65.027, 65.026, 65.025, 65.024, 65.023, 65.022, 65.021, 65.019, 65.018, 65.017, 65.016, 65.015, 65.014, 65.013, 65.013, 65.012, 65.011, 65.01, 65.009, 65.008, 65.007, 65.005, 65.004, 65.003, 65.002, 65.001, 65.0, 65.0, 64.97, 64.94, 64.91, 64.879, 64.849, 64.819, 64.79, 64.76, 64.73, 64.699, 64.669, 64.639, 64.61, 64.58, 64.55, 64.519, 64.489, 64.459, 64.43, 64.4, 64.37, 64.339, 64.309, 64.279, 64.25, 64.22, 64.19, 64.16, 64.129, 64.099, 64.069, 64.04, 64.01, 63.979, 63.95, 63.919, 63.889, 63.86, 63.83, 63.799, 63.77, 63.74, 63.709, 63.68, 63.65, 63.619, 63.59, 63.56, 63.529, 63.5, 63.47, 63.439, 63.409, 63.38, 63.349, 63.319, 63.29, 63.259, 63.229, 63.2, 63.169, 63.139, 63.11, 63.08, 63.049, 63.02, 62.99, 62.959, 62.93, 62.9, 62.869, 62.84, 62.81, 62.779, 62.75, 62.72, 62.689, 62.659, 62.63, 62.599, 62.569, 62.54, 62.509, 62.479, 62.45, 62.419, 62.389, 62.36, 62.33, 62.299, 62.27, 62.24, 62.209, 62.18, 62.15, 62.119, 62.09, 62.06, 62.029, 62.0, 61.999, 61.998, 61.997, 61.995, 61.994, 61.993, 61.993, 61.992, 61.991, 61.99, 61.988, 61.987, 61.986, 61.986, 61.985, 61.984, 61.983, 61.981, 61.98, 61.979, 61.979, 61.978, 61.977, 61.976, 61.974, 61.973, 61.972, 61.972, 61.971, 61.97, 61.969, 61.967, 61.966, 61.965, 61.965, 61.964, 61.963, 61.962, 61.96, 61.959, 61.958, 61.958, 61.957, 61.956, 61.955, 61.953, 61.952, 61.951, 61.951, 61.95, 61.949, 61.948, 61.946, 61.945, 61.944, 61.944, 61.943, 61.942, 61.941, 61.939, 61.938, 61.937, 61.937, 61.936, 61.935, 61.933, 61.932, 61.931, 61.93, 61.93, 61.929, 61.928, 61.926, 61.925, 61.924, 61.923, 61.923, 61.922, 61.921, 61.919, 61.918, 61.917, 61.916, 61.916, 61.915, 61.914, 61.912, 61.911, 61.91, 61.909, 61.909, 61.908, 61.907, 61.905, 61.904, 61.903, 61.902, 61.902, 61.901, 61.9, 61.898, 61.897, 61.896, 61.895, 61.895, 61.894, 61.893, 61.891, 61.89, 61.889, 61.888, 61.888, 61.887, 61.886, 61.884, 61.883, 61.882, 61.881, 61.881, 61.88, 61.879, 61.877, 61.876, 61.875, 61.875, 61.874, 61.873, 61.872, 61.87, 61.869, 61.868, 61.868, 61.867, 61.866, 61.865, 61.863, 61.862, 61.861, 61.861, 61.86, 61.859, 61.858, 61.856, 61.855, 61.854, 61.854, 61.853, 61.852, 61.851, 61.849, 61.848, 61.847, 61.847, 61.846, 61.845, 61.844, 61.842, 61.841, 61.84, 61.84, 61.839, 61.838, 61.837, 61.835, 61.834, 61.833, 61.833, 61.832, 61.831, 61.83, 61.828, 61.827, 61.826, 61.826, 61.825, 61.824, 61.823, 61.821, 61.82, 61.819, 61.819, 61.818, 61.817, 61.816, 61.814, 61.813, 61.812, 61.812, 61.811, 61.81, 61.808, 61.807, 61.806, 61.805, 61.805, 61.804, 61.803, 61.801, 61.8, 61.799, 61.798, 61.798, 61.797, 61.796, 61.794, 61.793, 61.792, 61.791, 61.791, 61.79, 61.789, 61.787, 61.786, 61.785, 61.784, 61.784, 61.783, 61.782, 61.78, 61.779, 61.778, 61.777, 61.777, 61.776, 61.775, 61.773, 61.772, 61.771, 61.77, 61.77, 61.769, 61.768, 61.766, 61.765, 61.764, 61.763, 61.763, 61.762, 61.761, 61.759, 61.758, 61.757, 61.756, 61.756, 61.755, 61.754, 61.752, 61.751, 61.75, 61.75, 61.749, 61.748, 61.747, 61.745, 61.744, 61.743, 61.743, 61.742, 61.741, 61.74, 61.738, 61.737, 61.736, 61.736, 61.735, 61.734, 61.733, 61.731, 61.73, 61.729, 61.729, 61.728, 61.727, 61.726, 61.724, 61.723, 61.722, 61.722, 61.721, 61.72, 61.719, 61.717, 61.716, 61.715, 61.715, 61.714, 61.713, 61.712, 61.71, 61.709, 61.708, 61.708, 61.707, 61.706, 61.705, 61.703, 61.702, 61.701, 61.701, 61.7, 61.699, 61.698, 61.696, 61.695, 61.694, 61.694, 61.693, 61.692, 61.691, 61.689, 61.688, 61.687, 61.687, 61.686, 61.685, 61.683, 61.682, 61.681, 61.68]

AA: [61.671, 61.67, 61.669, 61.668, 61.667, 61.666, 61.665, 61.664, 61.663, 61.662, 61.661, 61.66, 61.659, 61.658, 61.657, 61.656, 61.655, 61.654, 61.653, 61.652, 61.651, 61.65, 61.649, 61.648, 61.647, 61.646, 61.645, 61.644, 61.643, 61.642, 61.641, 61.64, 61.639, 61.638, 61.637, 61.636, 61.635, 61.634, 61.633, 61.632, 61.631, 61.63, 61.629, 61.628, 61.627, 61.626, 61.625, 61.624, 61.623, 61.622, 61.621, 61.62, 61.619, 61.618, 61.617, 61.616, 61.615, 61.614, 61.613, 61.612, 61.611, 61.61, 61.609, 61.608, 61.607, 61.606, 61.605, 61.604, 61.603, 61.602, 61.582, 61.562, 61.542, 61.522, 61.502, 61.482, 61.462, 61.442, 61.422, 61.402, 61.382, 61.362, 61.342, 61.322, 61.302, 61.282, 61.262, 61.242, 61.222, 61.202, 61.182, 61.162, 61.142, 61.122, 61.102, 61.082, 61.062, 61.042, 61.022, 61.002, 60.982, 60.962, 60.942, 60.922, 60.902, 60.882, 60.862, 60.842, 60.822, 60.802, 60.782, 60.762, 60.742, 60.722, 60.702, 60.682, 60.662, 60.642, 60.622, 60.602, 60.582, 60.562, 60.542, 60.522, 60.502, 60.482, 60.462, 60.442, 60.422, 60.402, 60.382, 60.362, 60.342, 60.322, 60.302, 60.282, 60.262, 60.242, 60.222, 60.202, 60.182, 60.162, 60.142, 60.122, 60.102, 60.082, 60.062, 60.042, 60.022, 60.002, 59.982, 59.962, 59.942, 59.922, 59.902, 59.882, 59.862, 59.842, 59.822, 59.802, 59.782, 59.762, 59.742, 59.722, 59.702, 59.682, 59.662, 59.642, 59.622, 59.602, 59.582, 59.581, 59.58, 59.579, 59.578, 59.577, 59.576, 59.575, 59.574, 59.573, 59.572, 59.571, 59.57, 59.569, 59.568, 59.567, 59.566, 59.565, 59.564, 59.563, 59.562, 59.561, 59.56, 59.559, 59.558, 59.557, 59.556, 59.555, 59.554, 59.553, 59.552, 59.551, 59.55, 59.549, 59.548, 59.547, 59.546, 59.545, 59.544, 59.543, 59.542, 59.541, 59.54, 59.539, 59.538, 59.537, 59.536, 59.535, 59.534, 59.533, 59.532, 59.531, 59.53, 59.529, 59.528, 59.527, 59.526, 59.525, 59.524, 59.523, 59.522, 59.521, 59.52, 59.519, 59.518, 59.517, 59.516, 59.515, 59.514, 59.513, 59.512, 59.511, 59.51, 59.509, 59.508, 59.507, 59.506, 59.505, 59.504, 59.503, 59.502, 59.501, 59.5, 59.499, 59.498, 59.497, 59.496, 59.495, 59.494, 59.493, 59.492, 59.491, 59.49, 59.489, 59.488, 59.487, 59.486, 59.485, 59.484, 59.483, 59.468, 59.453, 59.438, 59.423, 59.408, 59.393, 59.378, 59.363, 59.348, 59.333, 59.318, 59.303, 59.288, 59.273, 59.258, 59.243, 59.228, 59.213, 59.198, 59.183, 59.168, 59.153, 59.138, 59.123, 59.108, 59.093, 59.078, 59.063, 59.048, 59.033, 59.018, 59.003, 58.988, 58.973, 58.958, 58.943, 58.928, 58.913, 58.898, 58.883, 58.868, 58.853, 58.838, 58.823, 58.808, 58.793, 58.778, 58.763, 58.748, 58.733, 58.718, 58.703, 58.688, 58.673, 58.658, 58.643, 58.628, 58.613, 58.598, 58.583, 58.568, 58.553, 58.538, 58.523, 58.508, 58.493, 58.478, 58.463, 58.448, 58.433, 58.418, 58.403, 58.388, 58.373, 58.358, 58.343, 58.328, 58.313, 58.298, 58.283, 58.268, 58.253, 58.238, 58.223, 58.208, 58.193, 58.178, 58.163, 58.148, 58.133, 58.118, 58.103, 58.088, 58.073, 58.058, 58.043, 58.028, 58.013, 57.998, 57.983, 57.968, 57.967, 57.966, 57.965, 57.964, 57.963, 57.962, 57.961, 57.96, 57.959, 57.958, 57.957, 57.956, 57.955, 57.954, 57.953, 57.952, 57.951, 57.95, 57.949, 57.948, 57.947, 57.946, 57.945, 57.944, 57.943, 57.942, 57.941, 57.94, 57.939, 57.938, 57.937, 57.936, 57.935, 57.934, 57.933, 57.932, 57.931, 57.93, 57.929, 57.928, 57.927, 57.926, 57.925, 57.924, 57.923, 57.922, 57.921, 57.92, 57.919, 57.918, 57.917, 57.916, 57.915, 57.914, 57.913, 57.912, 57.911, 57.91, 57.909, 57.908, 57.907, 57.906, 57.905, 57.904, 57.903, 57.902, 57.901, 57.9, 57.899, 57.898, 57.897, 57.896, 57.895, 57.894, 57.893, 57.892, 57.891, 57.89, 57.889, 57.888, 57.887, 57.886, 57.885, 57.884, 57.883, 57.882, 57.881, 57.88, 57.879, 57.878, 57.877, 57.876, 57.875, 57.874, 57.873, 57.872, 57.871, 57.87, 57.869, 57.868, 57.867, 57.866, 57.865, 57.864, 57.863, 57.862, 57.861, 57.86, 57.859, 57.858, 57.857, 57.856, 57.855, 57.854, 57.853, 57.852, 57.851, 57.85, 57.849, 57.848, 57.847, 57.846, 57.845, 57.844, 57.843, 57.842, 57.841, 57.84, 57.839]
FU: [61.658, 61.657, 61.655, 61.654, 61.653, 61.652, 61.652, 61.651, 61.65, 61.648, 61.647, 61.646, 61.645, 61.645, 61.644, 61.643, 61.641, 61.64, 61.639, 61.638, 61.638, 61.637, 61.636, 61.634, 61.633, 61.632, 61.631, 61.631, 61.63, 61.629, 61.627, 61.626, 61.625, 61.625, 61.624, 61.623, 61.622, 61.62, 61.619, 61.618, 61.618, 61.617, 61.616, 61.615, 61.613, 61.612, 61.611, 61.611, 61.61, 61.609, 61.608, 61.606, 61.605, 61.604, 61.604, 61.603, 61.602, 61.582, 61.562, 61.541, 61.521, 61.501, 61.481, 61.462, 61.442, 61.422, 61.402, 61.381, 61.361, 61.341, 61.321, 61.301, 61.282, 61.262, 61.242, 61.222, 61.201, 61.181, 61.161, 61.141, 61.122, 61.102, 61.082, 61.062, 61.041, 61.021, 61.001, 60.981, 60.962, 60.942, 60.922, 60.902, 60.881, 60.861, 60.841, 60.821, 60.801, 60.782, 60.762, 60.742, 60.722, 60.701, 60.681, 60.661, 60.641, 60.622, 60.602, 60.582, 60.562, 60.541, 60.521, 60.501, 60.481, 60.462, 60.442, 60.422, 60.402, 60.381, 60.361, 60.341, 60.321, 60.301, 60.282, 60.262, 60.242, 60.222, 60.201, 60.181, 60.161, 60.141, 60.122, 60.102, 60.082, 60.062, 60.041, 60.021, 60.001, 59.981, 59.962, 59.942, 59.922, 59.902, 59.881, 59.861, 59.841, 59.821, 59.801, 59.782, 59.762, 59.742, 59.722, 59.701, 59.681, 59.661, 59.641, 59.622, 59.602, 59.582, 59.581, 59.58, 59.578, 59.577, 59.576, 59.576, 59.575, 59.574, 59.573, 59.571, 59.57, 59.569, 59.569, 59.568, 59.567, 59.566, 59.564, 59.563, 59.562, 59.562, 59.561, 59.56, 59.558, 59.557, 59.556, 59.555, 59.555, 59.554, 59.553, 59.551, 59.55, 59.549, 59.548, 59.548, 59.547, 59.546, 59.544, 59.543, 59.542, 59.541, 59.541, 59.54, 59.539, 59.537, 59.536, 59.535, 59.534, 59.534, 59.533, 59.532, 59.53, 59.529, 59.528, 59.527, 59.527, 59.526, 59.525, 59.523, 59.522, 59.521, 59.52, 59.52, 59.519, 59.518, 59.516, 59.515, 59.514, 59.513, 59.513, 59.512, 59.511, 59.509, 59.508, 59.507, 59.506, 59.506, 59.505, 59.504, 59.502, 59.501, 59.5, 59.5, 59.499, 59.498, 59.497, 59.495, 59.494, 59.493, 59.493, 59.492, 59.491, 59.49, 59.488, 59.487, 59.486, 59.486, 59.485, 59.484, 59.483, 59.467, 59.452, 59.437, 59.423, 59.408, 59.393, 59.377, 59.362, 59.347, 59.333, 59.318, 59.303, 59.287, 59.272, 59.257, 59.243, 59.228, 59.213, 59.198, 59.182, 59.167, 59.152, 59.138, 59.123, 59.108, 59.092, 59.077, 59.062, 59.048, 59.033, 59.018, 59.002, 58.987, 58.972, 58.958, 58.943, 58.928, 58.912, 58.897, 58.882, 58.868, 58.853, 58.838, 58.823, 58.807, 58.792, 58.777, 58.763, 58.748, 58.733, 58.717, 58.702, 58.687, 58.673, 58.658, 58.643, 58.627, 58.612, 58.597, 58.583, 58.568, 58.553, 58.537, 58.522, 58.507, 58.493, 58.478, 58.463, 58.448, 58.432, 58.417, 58.402, 58.388, 58.373, 58.358, 58.342, 58.327, 58.312, 58.298, 58.283, 58.268, 58.252, 58.237, 58.222, 58.208, 58.193, 58.178, 58.162, 58.147, 58.132, 58.118, 58.103, 58.088, 58.073, 58.057, 58.042, 58.027, 58.013, 57.998, 57.983, 57.967, 57.966, 57.965, 57.965, 57.964, 57.963, 57.962, 57.96, 57.959, 57.958, 57.958, 57.957, 57.956, 57.955, 57.953, 57.952, 57.951, 57.951, 57.95, 57.949, 57.948, 57.946, 57.945, 57.944, 57.944, 57.943, 57.942, 57.941, 57.939, 57.938, 57.937, 57.937, 57.936, 57.935, 57.933, 57.932, 57.931, 57.93, 57.93, 57.929, 57.928, 57.926, 57.925, 57.924, 57.923, 57.923, 57.922, 57.921, 57.919, 57.918, 57.917, 57.916, 57.916, 57.915, 57.914, 57.912, 57.911, 57.91, 57.909, 57.909, 57.908, 57.907, 57.905, 57.904, 57.903, 57.902, 57.902, 57.901, 57.9, 57.898, 57.897, 57.896, 57.895, 57.895, 57.894, 57.893, 57.891, 57.89, 57.889, 57.888, 57.888, 57.887, 57.886, 57.884, 57.883, 57.882, 57.881, 57.881, 57.88, 57.879, 57.877, 57.876, 57.875, 57.875, 57.874, 57.873, 57.872, 57.87, 57.869, 57.868, 57.868, 57.867, 57.866, 57.865, 57.863, 57.862, 57.861, 57.861, 57.86, 57.859, 57.858, 57.856, 57.855, 57.854, 57.854, 57.853, 57.852, 57.851, 57.849, 57.848, 57.847, 57.847, 57.846, 57.845, 57.844, 57.842, 57.841, 57.84, 57.84, 57.839, 57.838, 57.837, 57.835, 57.834, 57.833, 57.833, 57.832, 57.831, 57.83, 57.828, 57.827, 57.826, 57.826]

AA: [57.838, 57.837, 57.836, 57.835, 57.834, 57.833, 57.832, 57.831, 57.83, 57.829, 57.828, 57.827, 57.826, 57.825, 57.824, 57.823, 57.822, 57.821, 57.82, 57.819, 57.818, 57.817, 57.816, 57.815, 57.814, 57.813, 57.812, 57.811, 57.81, 57.809, 57.808, 57.807, 57.806, 57.805, 57.804, 57.803, 57.802, 57.801, 57.8, 57.799, 57.798, 57.797, 57.796, 57.795, 57.794, 57.793, 57.792, 57.791, 57.79, 57.789, 57.788, 57.787, 57.786, 57.785, 57.784, 57.783, 57.782, 57.781, 57.78, 57.779, 57.778, 57.777, 57.776, 57.775, 57.774, 57.773, 57.772, 57.771, 57.77, 57.769, 57.768, 57.767, 57.766, 57.765, 57.764, 57.763, 57.762, 57.761, 57.76, 57.759, 57.758, 57.757, 57.756, 57.755, 57.754, 57.753, 57.752, 57.751, 57.75, 57.749, 57.748, 57.747, 57.746, 57.745, 57.744, 57.743, 57.742, 57.741, 57.74, 57.739, 57.738, 57.737, 57.736, 57.735, 57.734, 57.733, 57.732, 57.731, 57.73, 57.729, 57.728, 57.727, 57.726, 57.725, 57.724, 57.723, 57.722, 57.721, 57.72, 57.719, 57.718, 57.717, 57.716, 57.715, 57.714, 57.713, 57.712, 57.711, 57.71, 57.709, 57.708, 57.707, 57.706, 57.705, 57.704, 57.703, 57.702, 57.701, 57.7, 57.699, 57.698, 57.697, 57.696, 57.695, 57.694, 57.693, 57.692, 57.691, 57.69, 57.689, 57.688, 57.687, 57.686, 57.685, 57.684, 57.683, 57.682, 57.681, 57.68, 57.679, 57.678, 57.677, 57.676, 57.675, 57.674, 57.673, 57.672, 57.671, 57.67, 57.669, 57.668, 57.667, 57.666, 57.665, 57.664, 57.663, 57.662, 57.661, 57.66, 57.659, 57.658, 57.657, 57.656, 57.655, 57.654, 57.653, 57.652, 57.651, 57.65, 57.649, 57.648, 57.647, 57.646, 57.645, 57.644, 57.643, 57.642, 57.641, 57.64, 57.639, 57.638, 57.637, 57.636, 57.635, 57.634, 57.633, 57.632, 57.631, 57.63, 57.629, 57.628, 57.627, 57.626, 57.625, 57.624, 57.623, 57.622, 57.621, 57.62, 57.619, 57.618, 57.617, 57.616, 57.615, 57.614, 57.613, 57.612, 57.611, 57.61, 57.609, 57.608, 57.607, 57.606, 57.605, 57.604, 57.603, 57.602, 57.601, 57.6, 57.599, 57.598, 57.597, 57.596, 57.595, 57.594, 57.593, 57.592, 57.591, 57.59, 57.589, 57.588, 57.587, 57.586, 57.585, 57.584, 57.583, 57.582, 57.581, 57.58, 57.579, 57.578, 57.577, 57.576, 57.575, 57.574, 57.573, 57.572, 57.571, 57.57, 57.569, 57.568, 57.567, 57.566, 57.565, 57.564, 57.563, 57.562, 57.561, 57.56, 57.559, 57.558, 57.557, 57.556, 57.555, 57.554, 57.553, 57.552, 57.551, 57.55, 57.549, 57.548, 57.547, 57.546, 57.545, 57.544, 57.543, 57.542, 57.541, 57.54, 57.539, 57.538, 57.537, 57.536, 57.535, 57.534, 57.533, 57.532, 57.531, 57.53, 57.529, 57.528, 57.527, 57.526, 57.525, 57.524, 57.523, 57.522, 57.521, 57.52, 57.519, 57.518, 57.517, 57.516, 57.515, 57.514, 57.513, 57.512, 57.511, 57.51, 57.509, 57.508, 57.507, 57.506, 57.505, 57.504, 57.503, 57.502, 57.501, 57.5, 57.499, 57.498, 57.497, 57.496, 57.495, 57.494, 57.493, 57.492, 57.491, 57.49, 57.489, 57.488, 57.487, 57.486, 57.485, 57.484, 57.483, 57.482, 57.481, 57.48, 57.479, 57.478, 57.477, 57.476, 57.475, 57.474, 57.473, 57.472, 57.471, 57.47, 57.469, 57.468, 57.467, 57.466, 57.465, 57.464, 57.463, 57.462, 57.461, 57.46, 57.459, 57.458, 57.457, 57.456, 57.455, 57.454, 57.453, 57.452, 57.451, 57.45, 57.449, 57.448, 57.447, 57.446, 57.445, 57.444, 57.443, 57.442, 57.441, 57.44, 57.439, 57.438, 57.437, 57.436, 57.435, 57.434, 57.433, 57.432, 57.431, 57.43, 57.429, 57.428, 57.427, 57.426, 57.425, 57.424, 57.423, 57.422, 57.421, 57.42, 57.419, 57.418, 57.417, 57.416, 57.415, 57.414, 57.413, 57.412, 57.411, 57.41, 57.409, 57.408, 57.407, 57.406, 57.405, 57.404, 57.403, 57.402, 57.401, 57.4, 57.399, 57.398, 57.397, 57.396, 57.395, 57.394, 57.393, 57.392, 57.391, 57.39, 57.389, 57.388, 57.387, 57.386, 57.385, 57.384, 57.383, 57.382, 57.381, 57.38, 57.379, 57.378, 57.377, 57.376, 57.375, 57.374, 57.373, 57.372, 57.371, 57.37, 57.369, 57.368, 57.367, 57.366, 57.365, 57.364, 57.363, 57.362, 57.361, 57.36, 57.359, 57.358, 57.357, 57.356, 57.355, 57.354, 57.353, 57.352, 57.351, 57.35, 57.349, 57.348, 57.347, 57.346, 57.345, 57.344, 57.343, 57.342, 57.341, 57.34, 57.339]
FU: [57.411, 57.41, 57.409, 57.409, 57.408, 57.407, 57.405, 57.404, 57.403, 57.402, 57.402, 57.401, 57.4, 57.398, 57.397, 57.396, 57.395, 57.395, 57.394, 57.393, 57.391, 57.39, 57.389, 57.388, 57.388, 57.387, 57.386, 57.384, 57.383, 57.382, 57.381, 57.381, 57.38, 57.379, 57.377, 57.376, 57.375, 57.375, 57.374, 57.373, 57.372, 57.37, 57.369, 57.368, 57.368, 57.367, 57.366, 57.365, 57.363, 57.362, 57.361, 57.361, 57.36, 57.359, 57.358, 57.356, 57.355, 57.354, 57.354, 57.353, 57.352, 57.351, 57.349, 57.348, 57.347, 57.347, 57.346, 57.345, 57.344, 57.342, 57.341, 57.34, 57.34, 57.339, 57.338, 57.337, 57.335, 57.334, 57.333, 57.333, 57.332, 57.331, 57.33, 57.328, 57.327, 57.326, 57.326, 57.325, 57.324, 57.323, 57.321, 57.32, 57.319, 57.319, 57.318, 57.317, 57.316, 57.314, 57.313, 57.312, 57.312, 57.311, 57.31, 57.308, 57.307, 57.306, 57.305, 57.305, 57.304, 57.303, 57.301, 57.3, 57.299, 57.298, 57.298, 57.297, 57.296, 57.294, 57.293, 57.292, 57.291, 57.291, 57.29, 57.289, 57.287, 57.286, 57.285, 57.284, 57.284, 57.283, 57.282, 57.28, 57.279, 57.278, 57.277, 57.277, 57.276, 57.275, 57.273, 57.272, 57.271, 57.27, 57.27, 57.269, 57.268, 65.5, 65.499, 65.498, 65.497, 65.496, 65.495, 65.494, 65.492, 65.491, 65.49, 65.489, 65.488, 65.487, 65.486, 65.486, 65.485, 65.484, 65.483, 65.482, 65.481, 65.48, 65.478, 65.477, 65.476, 65.475, 65.474, 65.473, 65.472, 65.472, 65.471, 65.47, 65.469, 65.468, 65.467, 65.466, 65.464, 65.463, 65.462, 65.461, 65.46, 65.459, 65.458, 65.458, 65.457, 65.456, 65.455, 65.454, 65.453, 65.452, 65.45, 65.449, 65.448, 65.447, 65.446, 65.445, 65.444, 65.444, 65.443, 65.442, 65.441, 65.44, 65.439, 65.438, 65.436, 65.435, 65.434, 65.433, 65.432, 65.431, 65.43, 65.43, 65.429, 65.428, 65.427, 65.426, 65.425, 65.424, 65.422, 65.421, 65.42, 65.419, 65.418, 65.417, 65.416, 65.416, 65.415, 65.414, 65.413, 65.412, 65.411, 65.41, 65.408, 65.407, 65.406, 65.405, 65.404, 65.403, 65.402, 65.402, 65.401, 65.4, 65.399, 65.398, 65.397, 65.396, 65.394, 65.393, 65.392, 65.391, 65.39, 65.389, 65.388, 65.388, 65.387, 65.386, 65.385, 65.384, 65.383, 65.382, 65.38, 65.379, 65.378, 65.377, 65.376, 65.375, 65.375, 65.374, 65.373, 65.372, 65.371, 65.37, 65.369, 65.367, 65.366, 65.365, 65.364, 65.363, 65.362, 65.361, 65.361, 65.36, 65.359, 65.358, 65.357, 65.356, 65.355, 65.353, 65.352, 65.351, 65.35, 65.349, 65.348, 65.347, 65.347, 65.346, 65.345, 65.344, 65.343, 65.342, 65.341, 65.339, 65.338, 65.337, 65.336, 65.335, 65.334, 65.333, 65.333, 65.332, 65.331, 65.33, 65.329, 65.328, 65.327, 65.325, 65.324, 65.323, 65.322, 65.321, 65.32, 65.319, 65.319, 65.318, 65.317, 65.316, 65.315, 65.314, 65.313, 65.311, 65.31, 65.309, 65.308, 65.307, 65.306, 65.305, 65.305, 65.304, 65.303, 65.302, 65.301, 65.3, 65.299, 65.297, 65.296, 65.295, 65.294, 65.293, 65.292, 65.291, 65.291, 65.29, 65.289, 65.288, 65.287, 65.286, 65.285, 65.283, 65.282, 65.281, 65.28, 65.279, 65.278, 65.277, 65.277, 65.276, 65.275, 65.274, 65.273, 65.272, 65.271, 65.269, 65.268, 65.267, 65.266, 65.265, 65.264, 65.263, 65.263, 65.262, 65.261, 65.26, 65.259, 65.258, 65.257, 65.255, 65.254, 65.253, 65.252, 65.251, 65.25, 65.25, 65.249, 65.248, 65.247, 65.246, 65.245, 65.244, 65.242, 65.241, 65.24, 65.239, 65.238, 65.237, 65.236, 65.236, 65.235, 65.234, 65.233, 65.232, 65.231, 65.23, 65.228, 65.227, 65.226, 65.225, 65.224, 65.223, 65.222, 65.222, 65.221, 65.22, 65.219, 65.218, 65.217, 65.216, 65.214, 65.213, 65.212, 65.211, 65.21, 65.209, 65.208, 65.208, 65.207, 65.206, 65.205, 65.204, 65.203, 65.202, 65.2, 65.199, 65.198, 65.197, 65.196, 65.195, 65.194, 65.194, 65.193, 65.192, 65.191, 65.19, 65.189, 65.188, 65.186, 65.185, 65.184, 65.183, 65.182, 65.181, 65.18, 65.18, 65.179, 65.178, 65.177, 65.176, 65.175, 65.174, 65.172, 65.171, 65.17, 65.169, 65.168, 65.167, 65.166, 65.166, 65.165, 65.164, 65.163, 65.162, 65.161, 65.16, 65.158, 65.157, 65.156, 65.155, 65.154, 65.153, 65.152, 65.152, 65.151, 65.15, 65.149, 65.148, 65.147, 65.146]


**********************************************************************************************************************************************
Case 4
**********************************************************************************************************************************************

NUM_SAMPLES_1_AVG = 5
NUM_SAMPLES_2_AVG = 5
START_SAMPLE_2_AVG = 200
NPW_SAMPLE_BEFORE = 150
NPW_SAMPLE_AFTER = 350
NPW_THR = 1.5

Threshold breach indexes: [547, 1069] 

AA: [65.103, 65.102, 65.101, 65.1, 65.099, 65.098, 65.097, 65.096, 65.095, 65.094, 65.093, 65.092, 65.091, 65.09, 65.089, 65.088, 65.087, 65.086, 65.085, 65.084, 65.083, 65.082, 65.081, 65.08, 65.079, 65.078, 65.077, 65.076, 65.075, 65.074, 65.073, 65.072, 65.071, 65.07, 65.069, 65.068, 65.067, 65.066, 65.065, 65.064, 65.063, 65.062, 65.061, 65.06, 65.059, 65.058, 65.057, 65.056, 65.055, 65.054, 65.053, 65.052, 65.051, 65.05, 65.049, 65.048, 65.047, 65.046, 65.045, 65.044, 65.043, 65.042, 65.041, 65.04, 65.039, 65.038, 65.037, 65.036, 65.035, 65.034, 65.033, 65.032, 65.031, 65.03, 65.029, 65.028, 65.027, 65.026, 65.025, 65.024, 65.023, 65.022, 65.021, 65.02, 65.019, 65.018, 65.017, 65.016, 65.015, 65.014, 65.013, 65.012, 65.011, 65.01, 65.009, 65.008, 65.007, 65.006, 65.005, 65.004, 65.003, 65.002, 65.001, 65.0, 64.97, 64.94, 64.91, 64.88, 64.85, 64.82, 64.79, 64.76, 64.73, 64.7, 64.67, 64.64, 64.61, 64.58, 64.55, 64.52, 64.49, 64.46, 64.43, 64.4, 64.37, 64.34, 64.31, 64.28, 64.25, 64.22, 64.19, 64.16, 64.13, 64.1, 64.07, 64.04, 64.01, 63.98, 63.95, 63.92, 63.89, 63.86, 63.83, 63.8, 63.77, 63.74, 63.71, 63.68, 63.65, 63.62, 63.59, 63.56, 63.53, 63.5, 63.47, 63.44, 63.41, 63.38, 63.35, 63.32, 63.29, 63.26, 63.23, 63.2, 63.17, 63.14, 63.11, 63.08, 63.05, 63.02, 62.99, 62.96, 62.93, 62.9, 62.87, 62.84, 62.81, 62.78, 62.75, 62.72, 62.69, 62.66, 62.63, 62.6, 62.57, 62.54, 62.51, 62.48, 62.45, 62.42, 62.39, 62.36, 62.33, 62.3, 62.27, 62.24, 62.21, 62.18, 62.15, 62.12, 62.09, 62.06, 62.03, 62.0, 61.999, 61.998, 61.997, 61.996, 61.995, 61.994, 61.993, 61.992, 61.991, 61.99, 61.989, 61.988, 61.987, 61.986, 61.985, 61.984, 61.983, 61.982, 61.981, 61.98, 61.979, 61.978, 61.977, 61.976, 61.975, 61.974, 61.973, 61.972, 61.971, 61.97, 61.969, 61.968, 61.967, 61.966, 61.965, 61.964, 61.963, 61.962, 61.961, 61.96, 61.959, 61.958, 61.957, 61.956, 61.955, 61.954, 61.953, 61.952, 61.951, 61.95, 61.949, 61.948, 61.947, 61.946, 61.945, 61.944, 61.943, 61.942, 61.941, 61.94, 61.939, 61.938, 61.937, 61.936, 61.935, 61.934, 61.933, 61.932, 61.931, 61.93, 61.929, 61.928, 61.927, 61.926, 61.925, 61.924, 61.923, 61.922, 61.921, 61.92, 61.919, 61.918, 61.917, 61.916, 61.915, 61.914, 61.913, 61.912, 61.911, 61.91, 61.909, 61.908, 61.907, 61.906, 61.905, 61.904, 61.903, 61.902, 61.901, 61.9, 61.899, 61.898, 61.897, 61.896, 61.895, 61.894, 61.893, 61.892, 61.891, 61.89, 61.889, 61.888, 61.887, 61.886, 61.885, 61.884, 61.883, 61.882, 61.881, 61.88, 61.879, 61.878, 61.877, 61.876, 61.875, 61.874, 61.873, 61.872, 61.871, 61.87, 61.869, 61.868, 61.867, 61.866, 61.865, 61.864, 61.863, 61.862, 61.861, 61.86, 61.859, 61.858, 61.857, 61.856, 61.855, 61.854, 61.853, 61.852, 61.851, 61.85, 61.849, 61.848, 61.847, 61.846, 61.845, 61.844, 61.843, 61.842, 61.841, 61.84, 61.839, 61.838, 61.837, 61.836, 61.835, 61.834, 61.833, 61.832, 61.831, 61.83, 61.829, 61.828, 61.827, 61.826, 61.825, 61.824, 61.823, 61.822, 61.821, 61.82, 61.819, 61.818, 61.817, 61.816, 61.815, 61.814, 61.813, 61.812, 61.811, 61.81, 61.809, 61.808, 61.807, 61.806, 61.805, 61.804, 61.803, 61.802, 61.801, 61.8, 61.799, 61.798, 61.797, 61.796, 61.795, 61.794, 61.793, 61.792, 61.791, 61.79, 61.789, 61.788, 61.787, 61.786, 61.785, 61.784, 61.783, 61.782, 61.781, 61.78, 61.779, 61.778, 61.777, 61.776, 61.775, 61.774, 61.773, 61.772, 61.771, 61.77, 61.769, 61.768, 61.767, 61.766, 61.765, 61.764, 61.763, 61.762, 61.761, 61.76, 61.759, 61.758, 61.757, 61.756, 61.755, 61.754, 61.753, 61.752, 61.751, 61.75, 61.749, 61.748, 61.747, 61.746, 61.745, 61.744, 61.743, 61.742, 61.741, 61.74, 61.739, 61.738, 61.737, 61.736, 61.735, 61.734, 61.733, 61.732, 61.731, 61.73, 61.729, 61.728, 61.727, 61.726, 61.725, 61.724, 61.723, 61.722, 61.721, 61.72, 61.719, 61.718, 61.717, 61.716, 61.715, 61.714, 61.713, 61.712, 61.711, 61.71, 61.709, 61.708, 61.707, 61.706, 61.705, 61.704]
FU: 				[65.101, 65.1, 65.099, 65.098, 65.097, 65.097, 65.096, 65.095, 65.094, 65.093, 65.092, 65.091, 65.089, 65.088, 65.087, 65.086, 65.085, 65.084, 65.083, 65.083, 65.082, 65.081, 65.08, 65.079, 65.078, 65.077, 65.075, 65.074, 65.073, 65.072, 65.071, 65.07, 65.069, 65.069, 65.068, 65.067, 65.066, 65.065, 65.064, 65.063, 65.061, 65.06, 65.059, 65.058, 65.057, 65.056, 65.055, 65.055, 65.054, 65.053, 65.052, 65.051, 65.05, 65.049, 65.047, 65.046, 65.045, 65.044, 65.043, 65.042, 65.041, 65.041, 65.04, 65.039, 65.038, 65.037, 65.036, 65.035, 65.033, 65.032, 65.031, 65.03, 65.029, 65.028, 65.027, 65.027, 65.026, 65.025, 65.024, 65.023, 65.022, 65.021, 65.019, 65.018, 65.017, 65.016, 65.015, 65.014, 65.013, 65.013, 65.012, 65.011, 65.01, 65.009, 65.008, 65.007, 65.005, 65.004, 65.003, 65.002, 65.001, 65.0, 65.0, 64.97, 64.94, 64.91, 64.879, 64.849, 64.819, 64.79, 64.76, 64.73, 64.699, 64.669, 64.639, 64.61, 64.58, 64.55, 64.519, 64.489, 64.459, 64.43, 64.4, 64.37, 64.339, 64.309, 64.279, 64.25, 64.22, 64.19, 64.16, 64.129, 64.099, 64.069, 64.04, 64.01, 63.979, 63.95, 63.919, 63.889, 63.86, 63.83, 63.799, 63.77, 63.74, 63.709, 63.68, 63.65, 63.619, 63.59, 63.56, 63.529, 63.5, 63.47, 63.439, 63.409, 63.38, 63.349, 63.319, 63.29, 63.259, 63.229, 63.2, 63.169, 63.139, 63.11, 63.08, 63.049, 63.02, 62.99, 62.959, 62.93, 62.9, 62.869, 62.84, 62.81, 62.779, 62.75, 62.72, 62.689, 62.659, 62.63, 62.599, 62.569, 62.54, 62.509, 62.479, 62.45, 62.419, 62.389, 62.36, 62.33, 62.299, 62.27, 62.24, 62.209, 62.18, 62.15, 62.119, 62.09, 62.06, 62.029, 62.0, 61.999, 61.998, 61.997, 61.995, 61.994, 61.993, 61.993, 61.992, 61.991, 61.99, 61.988, 61.987, 61.986, 61.986, 61.985, 61.984, 61.983, 61.981, 61.98, 61.979, 61.979, 61.978, 61.977, 61.976, 61.974, 61.973, 61.972, 61.972, 61.971, 61.97, 61.969, 61.967, 61.966, 61.965, 61.965, 61.964, 61.963, 61.962, 61.96, 61.959, 61.958, 61.958, 61.957, 61.956, 61.955, 61.953, 61.952, 61.951, 61.951, 61.95, 61.949, 61.948, 61.946, 61.945, 61.944, 61.944, 61.943, 61.942, 61.941, 61.939, 61.938, 61.937, 61.937, 61.936, 61.935, 61.933, 61.932, 61.931, 61.93, 61.93, 61.929, 61.928, 61.926, 61.925, 61.924, 61.923, 61.923, 61.922, 61.921, 61.919, 61.918, 61.917, 61.916, 61.916, 61.915, 61.914, 61.912, 61.911, 61.91, 61.909, 61.909, 61.908, 61.907, 61.905, 61.904, 61.903, 61.902, 61.902, 61.901, 61.9, 61.898, 61.897, 61.896, 61.895, 61.895, 61.894, 61.893, 61.891, 61.89, 61.889, 61.888, 61.888, 61.887, 61.886, 61.884, 61.883, 61.882, 61.881, 61.881, 61.88, 61.879, 61.877, 61.876, 61.875, 61.875, 61.874, 61.873, 61.872, 61.87, 61.869, 61.868, 61.868, 61.867, 61.866, 61.865, 61.863, 61.862, 61.861, 61.861, 61.86, 61.859, 61.858, 61.856, 61.855, 61.854, 61.854, 61.853, 61.852, 61.851, 61.849, 61.848, 61.847, 61.847, 61.846, 61.845, 61.844, 61.842, 61.841, 61.84, 61.84, 61.839, 61.838, 61.837, 61.835, 61.834, 61.833, 61.833, 61.832, 61.831, 61.83, 61.828, 61.827, 61.826, 61.826, 61.825, 61.824, 61.823, 61.821, 61.82, 61.819, 61.819, 61.818, 61.817, 61.816, 61.814, 61.813, 61.812, 61.812, 61.811, 61.81, 61.808, 61.807, 61.806, 61.805, 61.805, 61.804, 61.803, 61.801, 61.8, 61.799, 61.798, 61.798, 61.797, 61.796, 61.794, 61.793, 61.792, 61.791, 61.791, 61.79, 61.789, 61.787, 61.786, 61.785, 61.784, 61.784, 61.783, 61.782, 61.78, 61.779, 61.778, 61.777, 61.777, 61.776, 61.775, 61.773, 61.772, 61.771, 61.77, 61.77, 61.769, 61.768, 61.766, 61.765, 61.764, 61.763, 61.763, 61.762, 61.761, 61.759, 61.758, 61.757, 61.756, 61.756, 61.755, 61.754, 61.752, 61.751, 61.75, 61.75, 61.749, 61.748, 61.747, 61.745, 61.744, 61.743, 61.743, 61.742, 61.741, 61.74, 61.738, 61.737, 61.736, 61.736, 61.735, 61.734, 61.733, 61.731, 61.73, 61.729, 61.729, 61.728, 61.727, 61.726, 61.724, 61.723, 61.722, 61.722, 61.721, 61.72, 61.719, 61.717, 61.716, 61.715, 61.715, 61.714, 61.713, 61.712, 61.71, 61.709, 61.708, 61.708, 61.707, 61.706, 61.705, 61.703, 61.702]

AA: [61.681, 61.68, 61.679, 61.678, 61.677, 61.676, 61.675, 61.674, 61.673, 61.672, 61.671, 61.67, 61.669, 61.668, 61.667, 61.666, 61.665, 61.664, 61.663, 61.662, 61.661, 61.66, 61.659, 61.658, 61.657, 61.656, 61.655, 61.654, 61.653, 61.652, 61.651, 61.65, 61.649, 61.648, 61.647, 61.646, 61.645, 61.644, 61.643, 61.642, 61.641, 61.64, 61.639, 61.638, 61.637, 61.636, 61.635, 61.634, 61.633, 61.632, 61.631, 61.63, 61.629, 61.628, 61.627, 61.626, 61.625, 61.624, 61.623, 61.622, 61.621, 61.62, 61.619, 61.618, 61.617, 61.616, 61.615, 61.614, 61.613, 61.612, 61.611, 61.61, 61.609, 61.608, 61.607, 61.606, 61.605, 61.604, 61.603, 61.602, 61.582, 61.562, 61.542, 61.522, 61.502, 61.482, 61.462, 61.442, 61.422, 61.402, 61.382, 61.362, 61.342, 61.322, 61.302, 61.282, 61.262, 61.242, 61.222, 61.202, 61.182, 61.162, 61.142, 61.122, 61.102, 61.082, 61.062, 61.042, 61.022, 61.002, 60.982, 60.962, 60.942, 60.922, 60.902, 60.882, 60.862, 60.842, 60.822, 60.802, 60.782, 60.762, 60.742, 60.722, 60.702, 60.682, 60.662, 60.642, 60.622, 60.602, 60.582, 60.562, 60.542, 60.522, 60.502, 60.482, 60.462, 60.442, 60.422, 60.402, 60.382, 60.362, 60.342, 60.322, 60.302, 60.282, 60.262, 60.242, 60.222, 60.202, 60.182, 60.162, 60.142, 60.122, 60.102, 60.082, 60.062, 60.042, 60.022, 60.002, 59.982, 59.962, 59.942, 59.922, 59.902, 59.882, 59.862, 59.842, 59.822, 59.802, 59.782, 59.762, 59.742, 59.722, 59.702, 59.682, 59.662, 59.642, 59.622, 59.602, 59.582, 59.581, 59.58, 59.579, 59.578, 59.577, 59.576, 59.575, 59.574, 59.573, 59.572, 59.571, 59.57, 59.569, 59.568, 59.567, 59.566, 59.565, 59.564, 59.563, 59.562, 59.561, 59.56, 59.559, 59.558, 59.557, 59.556, 59.555, 59.554, 59.553, 59.552, 59.551, 59.55, 59.549, 59.548, 59.547, 59.546, 59.545, 59.544, 59.543, 59.542, 59.541, 59.54, 59.539, 59.538, 59.537, 59.536, 59.535, 59.534, 59.533, 59.532, 59.531, 59.53, 59.529, 59.528, 59.527, 59.526, 59.525, 59.524, 59.523, 59.522, 59.521, 59.52, 59.519, 59.518, 59.517, 59.516, 59.515, 59.514, 59.513, 59.512, 59.511, 59.51, 59.509, 59.508, 59.507, 59.506, 59.505, 59.504, 59.503, 59.502, 59.501, 59.5, 59.499, 59.498, 59.497, 59.496, 59.495, 59.494, 59.493, 59.492, 59.491, 59.49, 59.489, 59.488, 59.487, 59.486, 59.485, 59.484, 59.483, 59.468, 59.453, 59.438, 59.423, 59.408, 59.393, 59.378, 59.363, 59.348, 59.333, 59.318, 59.303, 59.288, 59.273, 59.258, 59.243, 59.228, 59.213, 59.198, 59.183, 59.168, 59.153, 59.138, 59.123, 59.108, 59.093, 59.078, 59.063, 59.048, 59.033, 59.018, 59.003, 58.988, 58.973, 58.958, 58.943, 58.928, 58.913, 58.898, 58.883, 58.868, 58.853, 58.838, 58.823, 58.808, 58.793, 58.778, 58.763, 58.748, 58.733, 58.718, 58.703, 58.688, 58.673, 58.658, 58.643, 58.628, 58.613, 58.598, 58.583, 58.568, 58.553, 58.538, 58.523, 58.508, 58.493, 58.478, 58.463, 58.448, 58.433, 58.418, 58.403, 58.388, 58.373, 58.358, 58.343, 58.328, 58.313, 58.298, 58.283, 58.268, 58.253, 58.238, 58.223, 58.208, 58.193, 58.178, 58.163, 58.148, 58.133, 58.118, 58.103, 58.088, 58.073, 58.058, 58.043, 58.028, 58.013, 57.998, 57.983, 57.968, 57.967, 57.966, 57.965, 57.964, 57.963, 57.962, 57.961, 57.96, 57.959, 57.958, 57.957, 57.956, 57.955, 57.954, 57.953, 57.952, 57.951, 57.95, 57.949, 57.948, 57.947, 57.946, 57.945, 57.944, 57.943, 57.942, 57.941, 57.94, 57.939, 57.938, 57.937, 57.936, 57.935, 57.934, 57.933, 57.932, 57.931, 57.93, 57.929, 57.928, 57.927, 57.926, 57.925, 57.924, 57.923, 57.922, 57.921, 57.92, 57.919, 57.918, 57.917, 57.916, 57.915, 57.914, 57.913, 57.912, 57.911, 57.91, 57.909, 57.908, 57.907, 57.906, 57.905, 57.904, 57.903, 57.902, 57.901, 57.9, 57.899, 57.898, 57.897, 57.896, 57.895, 57.894, 57.893, 57.892, 57.891, 57.89, 57.889, 57.888, 57.887, 57.886, 57.885, 57.884, 57.883, 57.882, 57.881, 57.88, 57.879, 57.878, 57.877, 57.876, 57.875, 57.874, 57.873, 57.872, 57.871, 57.87, 57.869, 57.868, 57.867, 57.866, 57.865, 57.864, 57.863, 57.862, 57.861, 57.86, 57.859, 57.858, 57.857, 57.856, 57.855, 57.854, 57.853, 57.852, 57.851, 57.85, 57.849]
FU: 		[61.68, 61.679, 61.678, 61.676, 61.675, 61.674, 61.673, 61.673, 61.672, 61.671, 61.669, 61.668, 61.667, 61.666, 61.666, 61.665, 61.664, 61.662, 61.661, 61.66, 61.659, 61.659, 61.658, 61.657, 61.655, 61.654, 61.653, 61.652, 61.652, 61.651, 61.65, 61.648, 61.647, 61.646, 61.645, 61.645, 61.644, 61.643, 61.641, 61.64, 61.639, 61.638, 61.638, 61.637, 61.636, 61.634, 61.633, 61.632, 61.631, 61.631, 61.63, 61.629, 61.627, 61.626, 61.625, 61.625, 61.624, 61.623, 61.622, 61.62, 61.619, 61.618, 61.618, 61.617, 61.616, 61.615, 61.613, 61.612, 61.611, 61.611, 61.61, 61.609, 61.608, 61.606, 61.605, 61.604, 61.604, 61.603, 61.602, 61.582, 61.562, 61.541, 61.521, 61.501, 61.481, 61.462, 61.442, 61.422, 61.402, 61.381, 61.361, 61.341, 61.321, 61.301, 61.282, 61.262, 61.242, 61.222, 61.201, 61.181, 61.161, 61.141, 61.122, 61.102, 61.082, 61.062, 61.041, 61.021, 61.001, 60.981, 60.962, 60.942, 60.922, 60.902, 60.881, 60.861, 60.841, 60.821, 60.801, 60.782, 60.762, 60.742, 60.722, 60.701, 60.681, 60.661, 60.641, 60.622, 60.602, 60.582, 60.562, 60.541, 60.521, 60.501, 60.481, 60.462, 60.442, 60.422, 60.402, 60.381, 60.361, 60.341, 60.321, 60.301, 60.282, 60.262, 60.242, 60.222, 60.201, 60.181, 60.161, 60.141, 60.122, 60.102, 60.082, 60.062, 60.041, 60.021, 60.001, 59.981, 59.962, 59.942, 59.922, 59.902, 59.881, 59.861, 59.841, 59.821, 59.801, 59.782, 59.762, 59.742, 59.722, 59.701, 59.681, 59.661, 59.641, 59.622, 59.602, 59.582, 59.581, 59.58, 59.578, 59.577, 59.576, 59.576, 59.575, 59.574, 59.573, 59.571, 59.57, 59.569, 59.569, 59.568, 59.567, 59.566, 59.564, 59.563, 59.562, 59.562, 59.561, 59.56, 59.558, 59.557, 59.556, 59.555, 59.555, 59.554, 59.553, 59.551, 59.55, 59.549, 59.548, 59.548, 59.547, 59.546, 59.544, 59.543, 59.542, 59.541, 59.541, 59.54, 59.539, 59.537, 59.536, 59.535, 59.534, 59.534, 59.533, 59.532, 59.53, 59.529, 59.528, 59.527, 59.527, 59.526, 59.525, 59.523, 59.522, 59.521, 59.52, 59.52, 59.519, 59.518, 59.516, 59.515, 59.514, 59.513, 59.513, 59.512, 59.511, 59.509, 59.508, 59.507, 59.506, 59.506, 59.505, 59.504, 59.502, 59.501, 59.5, 59.5, 59.499, 59.498, 59.497, 59.495, 59.494, 59.493, 59.493, 59.492, 59.491, 59.49, 59.488, 59.487, 59.486, 59.486, 59.485, 59.484, 59.483, 59.467, 59.452, 59.437, 59.423, 59.408, 59.393, 59.377, 59.362, 59.347, 59.333, 59.318, 59.303, 59.287, 59.272, 59.257, 59.243, 59.228, 59.213, 59.198, 59.182, 59.167, 59.152, 59.138, 59.123, 59.108, 59.092, 59.077, 59.062, 59.048, 59.033, 59.018, 59.002, 58.987, 58.972, 58.958, 58.943, 58.928, 58.912, 58.897, 58.882, 58.868, 58.853, 58.838, 58.823, 58.807, 58.792, 58.777, 58.763, 58.748, 58.733, 58.717, 58.702, 58.687, 58.673, 58.658, 58.643, 58.627, 58.612, 58.597, 58.583, 58.568, 58.553, 58.537, 58.522, 58.507, 58.493, 58.478, 58.463, 58.448, 58.432, 58.417, 58.402, 58.388, 58.373, 58.358, 58.342, 58.327, 58.312, 58.298, 58.283, 58.268, 58.252, 58.237, 58.222, 58.208, 58.193, 58.178, 58.162, 58.147, 58.132, 58.118, 58.103, 58.088, 58.073, 58.057, 58.042, 58.027, 58.013, 57.998, 57.983, 57.967, 57.969, 57.97, 57.971, 57.972, 57.972, 57.973, 57.974, 57.976, 57.977, 57.978, 57.979, 57.979, 57.98, 57.981, 57.983, 57.984, 57.985, 57.986, 57.986, 57.987, 57.988, 57.99, 57.991, 57.992, 57.993, 57.993, 57.994, 57.995, 57.997, 57.998, 57.999, 58.0, 58.0, 58.001, 58.002, 58.004, 58.005, 58.006, 58.006, 58.007, 58.008, 58.009, 58.011, 58.012, 58.013, 58.013, 58.014, 58.015, 58.016, 58.018, 58.019, 58.02, 58.02, 58.021, 58.022, 58.023, 58.025, 58.026, 58.027, 58.027, 58.028, 58.029, 58.03, 58.032, 58.033, 58.034, 58.034, 58.035, 58.036, 58.037, 58.039, 58.04, 58.041, 58.041, 58.042, 58.043, 58.044, 58.046, 58.047, 58.048, 58.048, 58.049, 58.05, 58.051, 58.053, 58.054, 58.055, 58.055, 58.056, 58.057, 58.058, 58.06, 58.061, 58.062, 58.062, 58.063, 58.064, 58.066, 58.067, 58.068, 58.069, 58.069, 58.07, 58.071, 58.073, 58.074, 58.075, 58.076, 58.076, 58.077, 58.078, 58.08, 58.081, 58.082, 58.083, 58.083, 58.084, 58.085, 58.087, 58.088]

